Pxy = [1.707103   1.414212   0.292891]
Pyx = [1.707103   0.914211   0.914211]